[7, 5, 1, 8, 3, 6, 0, 9, 4, 2] <<-Binary Search Tree
[0, 1, 2, 3, 4, 5, 6, 7, 8, 9]

Root <- 5 

            5
    2           6    
  1    3            8
0        4        7   9

#Ağaca sırasıyla 2,6,8,1,3,4,0,7,9 eklenmiştir.
